{
 "cells": [
  {
   "cell_type": "code",
   "execution_count": 17,
   "id": "cde61372",
   "metadata": {},
   "outputs": [],
   "source": [
    "import pandas as pd\n",
    "import matplotlib.pyplot as plt\n",
    "import seaborn as sns\n",
    "import numpy as np"
   ]
  },
  {
   "cell_type": "code",
   "execution_count": 18,
   "id": "39943f13",
   "metadata": {},
   "outputs": [
    {
     "data": {
      "text/html": [
       "<div>\n",
       "<style scoped>\n",
       "    .dataframe tbody tr th:only-of-type {\n",
       "        vertical-align: middle;\n",
       "    }\n",
       "\n",
       "    .dataframe tbody tr th {\n",
       "        vertical-align: top;\n",
       "    }\n",
       "\n",
       "    .dataframe thead th {\n",
       "        text-align: right;\n",
       "    }\n",
       "</style>\n",
       "<table border=\"1\" class=\"dataframe\">\n",
       "  <thead>\n",
       "    <tr style=\"text-align: right;\">\n",
       "      <th></th>\n",
       "      <th>sl_no</th>\n",
       "      <th>gender</th>\n",
       "      <th>ssc_p</th>\n",
       "      <th>ssc_b</th>\n",
       "      <th>hsc_p</th>\n",
       "      <th>hsc_b</th>\n",
       "      <th>hsc_s</th>\n",
       "      <th>degree_p</th>\n",
       "      <th>degree_t</th>\n",
       "      <th>workex</th>\n",
       "      <th>etest_p</th>\n",
       "      <th>specialisation</th>\n",
       "      <th>mba_p</th>\n",
       "      <th>status</th>\n",
       "      <th>salary</th>\n",
       "    </tr>\n",
       "  </thead>\n",
       "  <tbody>\n",
       "    <tr>\n",
       "      <th>0</th>\n",
       "      <td>1</td>\n",
       "      <td>M</td>\n",
       "      <td>67.00</td>\n",
       "      <td>Others</td>\n",
       "      <td>91.00</td>\n",
       "      <td>Others</td>\n",
       "      <td>Commerce</td>\n",
       "      <td>58.00</td>\n",
       "      <td>Sci&amp;Tech</td>\n",
       "      <td>No</td>\n",
       "      <td>55.0</td>\n",
       "      <td>Mkt&amp;HR</td>\n",
       "      <td>58.80</td>\n",
       "      <td>Placed</td>\n",
       "      <td>270000.0</td>\n",
       "    </tr>\n",
       "    <tr>\n",
       "      <th>1</th>\n",
       "      <td>2</td>\n",
       "      <td>M</td>\n",
       "      <td>79.33</td>\n",
       "      <td>Central</td>\n",
       "      <td>78.33</td>\n",
       "      <td>Others</td>\n",
       "      <td>Science</td>\n",
       "      <td>77.48</td>\n",
       "      <td>Sci&amp;Tech</td>\n",
       "      <td>Yes</td>\n",
       "      <td>86.5</td>\n",
       "      <td>Mkt&amp;Fin</td>\n",
       "      <td>66.28</td>\n",
       "      <td>Placed</td>\n",
       "      <td>200000.0</td>\n",
       "    </tr>\n",
       "    <tr>\n",
       "      <th>2</th>\n",
       "      <td>3</td>\n",
       "      <td>M</td>\n",
       "      <td>65.00</td>\n",
       "      <td>Central</td>\n",
       "      <td>68.00</td>\n",
       "      <td>Central</td>\n",
       "      <td>Arts</td>\n",
       "      <td>64.00</td>\n",
       "      <td>Comm&amp;Mgmt</td>\n",
       "      <td>No</td>\n",
       "      <td>75.0</td>\n",
       "      <td>Mkt&amp;Fin</td>\n",
       "      <td>57.80</td>\n",
       "      <td>Placed</td>\n",
       "      <td>250000.0</td>\n",
       "    </tr>\n",
       "    <tr>\n",
       "      <th>3</th>\n",
       "      <td>4</td>\n",
       "      <td>M</td>\n",
       "      <td>56.00</td>\n",
       "      <td>Central</td>\n",
       "      <td>52.00</td>\n",
       "      <td>Central</td>\n",
       "      <td>Science</td>\n",
       "      <td>52.00</td>\n",
       "      <td>Sci&amp;Tech</td>\n",
       "      <td>No</td>\n",
       "      <td>66.0</td>\n",
       "      <td>Mkt&amp;HR</td>\n",
       "      <td>59.43</td>\n",
       "      <td>Not Placed</td>\n",
       "      <td>NaN</td>\n",
       "    </tr>\n",
       "    <tr>\n",
       "      <th>4</th>\n",
       "      <td>5</td>\n",
       "      <td>M</td>\n",
       "      <td>85.80</td>\n",
       "      <td>Central</td>\n",
       "      <td>73.60</td>\n",
       "      <td>Central</td>\n",
       "      <td>Commerce</td>\n",
       "      <td>73.30</td>\n",
       "      <td>Comm&amp;Mgmt</td>\n",
       "      <td>No</td>\n",
       "      <td>96.8</td>\n",
       "      <td>Mkt&amp;Fin</td>\n",
       "      <td>55.50</td>\n",
       "      <td>Placed</td>\n",
       "      <td>425000.0</td>\n",
       "    </tr>\n",
       "  </tbody>\n",
       "</table>\n",
       "</div>"
      ],
      "text/plain": [
       "   sl_no gender  ssc_p    ssc_b  hsc_p    hsc_b     hsc_s  degree_p  \\\n",
       "0      1      M  67.00   Others  91.00   Others  Commerce     58.00   \n",
       "1      2      M  79.33  Central  78.33   Others   Science     77.48   \n",
       "2      3      M  65.00  Central  68.00  Central      Arts     64.00   \n",
       "3      4      M  56.00  Central  52.00  Central   Science     52.00   \n",
       "4      5      M  85.80  Central  73.60  Central  Commerce     73.30   \n",
       "\n",
       "    degree_t workex  etest_p specialisation  mba_p      status    salary  \n",
       "0   Sci&Tech     No     55.0         Mkt&HR  58.80      Placed  270000.0  \n",
       "1   Sci&Tech    Yes     86.5        Mkt&Fin  66.28      Placed  200000.0  \n",
       "2  Comm&Mgmt     No     75.0        Mkt&Fin  57.80      Placed  250000.0  \n",
       "3   Sci&Tech     No     66.0         Mkt&HR  59.43  Not Placed       NaN  \n",
       "4  Comm&Mgmt     No     96.8        Mkt&Fin  55.50      Placed  425000.0  "
      ]
     },
     "execution_count": 18,
     "metadata": {},
     "output_type": "execute_result"
    }
   ],
   "source": [
    "\n",
    "df = pd.read_csv('Placement.csv')\n",
    "df.head()\n"
   ]
  },
  {
   "cell_type": "code",
   "execution_count": 20,
   "id": "77eaac7c",
   "metadata": {},
   "outputs": [
    {
     "data": {
      "text/plain": [
       "sl_no             0\n",
       "gender            0\n",
       "ssc_p             0\n",
       "ssc_b             0\n",
       "hsc_p             0\n",
       "hsc_b             0\n",
       "hsc_s             0\n",
       "degree_p          0\n",
       "degree_t          0\n",
       "workex            0\n",
       "etest_p           0\n",
       "specialisation    0\n",
       "mba_p             0\n",
       "status            0\n",
       "salary            0\n",
       "dtype: int64"
      ]
     },
     "execution_count": 20,
     "metadata": {},
     "output_type": "execute_result"
    }
   ],
   "source": [
    "# fillna values in salary column\n",
    "# The correct way to check for NaN values in a pandas Series is using .isna() or .isnull()\n",
    "df = df.fillna(df['salary'].isna())\n",
    "df = df.fillna(df['salary'].mean())\n",
    "df.isna().sum()"
   ]
  },
  {
   "cell_type": "code",
   "execution_count": 7,
   "id": "0dfc927b",
   "metadata": {},
   "outputs": [
    {
     "data": {
      "text/html": [
       "<div>\n",
       "<style scoped>\n",
       "    .dataframe tbody tr th:only-of-type {\n",
       "        vertical-align: middle;\n",
       "    }\n",
       "\n",
       "    .dataframe tbody tr th {\n",
       "        vertical-align: top;\n",
       "    }\n",
       "\n",
       "    .dataframe thead th {\n",
       "        text-align: right;\n",
       "    }\n",
       "</style>\n",
       "<table border=\"1\" class=\"dataframe\">\n",
       "  <thead>\n",
       "    <tr style=\"text-align: right;\">\n",
       "      <th></th>\n",
       "      <th>sl_no</th>\n",
       "      <th>ssc_p</th>\n",
       "      <th>hsc_p</th>\n",
       "      <th>degree_p</th>\n",
       "      <th>etest_p</th>\n",
       "      <th>mba_p</th>\n",
       "      <th>salary</th>\n",
       "    </tr>\n",
       "  </thead>\n",
       "  <tbody>\n",
       "    <tr>\n",
       "      <th>sl_no</th>\n",
       "      <td>3870.000000</td>\n",
       "      <td>-52.641355</td>\n",
       "      <td>-58.106028</td>\n",
       "      <td>-40.413645</td>\n",
       "      <td>52.556168</td>\n",
       "      <td>8.102336</td>\n",
       "      <td>2.484009e+05</td>\n",
       "    </tr>\n",
       "    <tr>\n",
       "      <th>ssc_p</th>\n",
       "      <td>-52.641355</td>\n",
       "      <td>117.228377</td>\n",
       "      <td>60.348373</td>\n",
       "      <td>42.897137</td>\n",
       "      <td>37.659225</td>\n",
       "      <td>24.535952</td>\n",
       "      <td>1.976764e+04</td>\n",
       "    </tr>\n",
       "    <tr>\n",
       "      <th>hsc_p</th>\n",
       "      <td>-58.106028</td>\n",
       "      <td>60.348373</td>\n",
       "      <td>118.755706</td>\n",
       "      <td>34.819820</td>\n",
       "      <td>35.461678</td>\n",
       "      <td>22.555846</td>\n",
       "      <td>4.600806e+04</td>\n",
       "    </tr>\n",
       "    <tr>\n",
       "      <th>degree_p</th>\n",
       "      <td>-40.413645</td>\n",
       "      <td>42.897137</td>\n",
       "      <td>34.819820</td>\n",
       "      <td>54.151103</td>\n",
       "      <td>21.929469</td>\n",
       "      <td>17.272020</td>\n",
       "      <td>-8.064357e+03</td>\n",
       "    </tr>\n",
       "    <tr>\n",
       "      <th>etest_p</th>\n",
       "      <td>52.556168</td>\n",
       "      <td>37.659225</td>\n",
       "      <td>35.461678</td>\n",
       "      <td>21.929469</td>\n",
       "      <td>176.251018</td>\n",
       "      <td>16.886973</td>\n",
       "      <td>1.571579e+05</td>\n",
       "    </tr>\n",
       "    <tr>\n",
       "      <th>mba_p</th>\n",
       "      <td>8.102336</td>\n",
       "      <td>24.535952</td>\n",
       "      <td>22.555846</td>\n",
       "      <td>17.272020</td>\n",
       "      <td>16.886973</td>\n",
       "      <td>34.028376</td>\n",
       "      <td>6.611551e+04</td>\n",
       "    </tr>\n",
       "    <tr>\n",
       "      <th>salary</th>\n",
       "      <td>248400.921950</td>\n",
       "      <td>19767.643976</td>\n",
       "      <td>46008.057275</td>\n",
       "      <td>-8064.357161</td>\n",
       "      <td>157157.850783</td>\n",
       "      <td>66115.509283</td>\n",
       "      <td>5.999726e+09</td>\n",
       "    </tr>\n",
       "  </tbody>\n",
       "</table>\n",
       "</div>"
      ],
      "text/plain": [
       "                  sl_no         ssc_p         hsc_p     degree_p  \\\n",
       "sl_no       3870.000000    -52.641355    -58.106028   -40.413645   \n",
       "ssc_p        -52.641355    117.228377     60.348373    42.897137   \n",
       "hsc_p        -58.106028     60.348373    118.755706    34.819820   \n",
       "degree_p     -40.413645     42.897137     34.819820    54.151103   \n",
       "etest_p       52.556168     37.659225     35.461678    21.929469   \n",
       "mba_p          8.102336     24.535952     22.555846    17.272020   \n",
       "salary    248400.921950  19767.643976  46008.057275 -8064.357161   \n",
       "\n",
       "                etest_p         mba_p        salary  \n",
       "sl_no         52.556168      8.102336  2.484009e+05  \n",
       "ssc_p         37.659225     24.535952  1.976764e+04  \n",
       "hsc_p         35.461678     22.555846  4.600806e+04  \n",
       "degree_p      21.929469     17.272020 -8.064357e+03  \n",
       "etest_p      176.251018     16.886973  1.571579e+05  \n",
       "mba_p         16.886973     34.028376  6.611551e+04  \n",
       "salary    157157.850783  66115.509283  5.999726e+09  "
      ]
     },
     "execution_count": 7,
     "metadata": {},
     "output_type": "execute_result"
    }
   ],
   "source": [
    "dir(df)\n",
    "df.select_dtypes(include=[np.number]).cov()\n"
   ]
  },
  {
   "cell_type": "code",
   "execution_count": null,
   "id": "0b3243c8",
   "metadata": {},
   "outputs": [
    {
     "name": "stdout",
     "output_type": "stream",
     "text": [
      "Covariance between degree_p and etest_p: 21.929468587263635\n",
      "Covariance between etest_p and mba_p: 16.886973447076723\n"
     ]
    }
   ],
   "source": [
    "# covariance between two columns 'degree_p' and 'etest_p' and explain what covariance  indicate whether is is positive or negative\n",
    "covariance = df['degree_p'].cov(df['etest_p'])\n",
    "print(\"Covariance between degree_p and etest_p are postitively:\", covariance)\n",
    "\n",
    "# covariance between two columns 'etest_p' and 'mba_p' and explain what covariance  indicate whether is is positive or negative\n",
    "covariance = df['etest_p'].cov(df['mba_p'])\n",
    "print(\"Covariance between etest_p and mba_p are postitively:\", covariance)"
   ]
  },
  {
   "cell_type": "markdown",
   "id": "5beb08e1",
   "metadata": {},
   "source": [
    "## Corelationship"
   ]
  },
  {
   "cell_type": "code",
   "execution_count": 22,
   "id": "2487374a",
   "metadata": {},
   "outputs": [
    {
     "data": {
      "text/html": [
       "<div>\n",
       "<style scoped>\n",
       "    .dataframe tbody tr th:only-of-type {\n",
       "        vertical-align: middle;\n",
       "    }\n",
       "\n",
       "    .dataframe tbody tr th {\n",
       "        vertical-align: top;\n",
       "    }\n",
       "\n",
       "    .dataframe thead th {\n",
       "        text-align: right;\n",
       "    }\n",
       "</style>\n",
       "<table border=\"1\" class=\"dataframe\">\n",
       "  <thead>\n",
       "    <tr style=\"text-align: right;\">\n",
       "      <th></th>\n",
       "      <th>sl_no</th>\n",
       "      <th>ssc_p</th>\n",
       "      <th>hsc_p</th>\n",
       "      <th>degree_p</th>\n",
       "      <th>etest_p</th>\n",
       "      <th>mba_p</th>\n",
       "      <th>salary</th>\n",
       "    </tr>\n",
       "  </thead>\n",
       "  <tbody>\n",
       "    <tr>\n",
       "      <th>sl_no</th>\n",
       "      <td>1.000000</td>\n",
       "      <td>-0.078155</td>\n",
       "      <td>-0.085711</td>\n",
       "      <td>-0.088281</td>\n",
       "      <td>0.063636</td>\n",
       "      <td>0.022327</td>\n",
       "      <td>0.051550</td>\n",
       "    </tr>\n",
       "    <tr>\n",
       "      <th>ssc_p</th>\n",
       "      <td>-0.078155</td>\n",
       "      <td>1.000000</td>\n",
       "      <td>0.511472</td>\n",
       "      <td>0.538404</td>\n",
       "      <td>0.261993</td>\n",
       "      <td>0.388478</td>\n",
       "      <td>0.023571</td>\n",
       "    </tr>\n",
       "    <tr>\n",
       "      <th>hsc_p</th>\n",
       "      <td>-0.085711</td>\n",
       "      <td>0.511472</td>\n",
       "      <td>1.000000</td>\n",
       "      <td>0.434206</td>\n",
       "      <td>0.245113</td>\n",
       "      <td>0.354823</td>\n",
       "      <td>0.054506</td>\n",
       "    </tr>\n",
       "    <tr>\n",
       "      <th>degree_p</th>\n",
       "      <td>-0.088281</td>\n",
       "      <td>0.538404</td>\n",
       "      <td>0.434206</td>\n",
       "      <td>1.000000</td>\n",
       "      <td>0.224470</td>\n",
       "      <td>0.402364</td>\n",
       "      <td>-0.014148</td>\n",
       "    </tr>\n",
       "    <tr>\n",
       "      <th>etest_p</th>\n",
       "      <td>0.063636</td>\n",
       "      <td>0.261993</td>\n",
       "      <td>0.245113</td>\n",
       "      <td>0.224470</td>\n",
       "      <td>1.000000</td>\n",
       "      <td>0.218055</td>\n",
       "      <td>0.152829</td>\n",
       "    </tr>\n",
       "    <tr>\n",
       "      <th>mba_p</th>\n",
       "      <td>0.022327</td>\n",
       "      <td>0.388478</td>\n",
       "      <td>0.354823</td>\n",
       "      <td>0.402364</td>\n",
       "      <td>0.218055</td>\n",
       "      <td>1.000000</td>\n",
       "      <td>0.146324</td>\n",
       "    </tr>\n",
       "    <tr>\n",
       "      <th>salary</th>\n",
       "      <td>0.051550</td>\n",
       "      <td>0.023571</td>\n",
       "      <td>0.054506</td>\n",
       "      <td>-0.014148</td>\n",
       "      <td>0.152829</td>\n",
       "      <td>0.146324</td>\n",
       "      <td>1.000000</td>\n",
       "    </tr>\n",
       "  </tbody>\n",
       "</table>\n",
       "</div>"
      ],
      "text/plain": [
       "             sl_no     ssc_p     hsc_p  degree_p   etest_p     mba_p    salary\n",
       "sl_no     1.000000 -0.078155 -0.085711 -0.088281  0.063636  0.022327  0.051550\n",
       "ssc_p    -0.078155  1.000000  0.511472  0.538404  0.261993  0.388478  0.023571\n",
       "hsc_p    -0.085711  0.511472  1.000000  0.434206  0.245113  0.354823  0.054506\n",
       "degree_p -0.088281  0.538404  0.434206  1.000000  0.224470  0.402364 -0.014148\n",
       "etest_p   0.063636  0.261993  0.245113  0.224470  1.000000  0.218055  0.152829\n",
       "mba_p     0.022327  0.388478  0.354823  0.402364  0.218055  1.000000  0.146324\n",
       "salary    0.051550  0.023571  0.054506 -0.014148  0.152829  0.146324  1.000000"
      ]
     },
     "execution_count": 22,
     "metadata": {},
     "output_type": "execute_result"
    }
   ],
   "source": [
    "df.select_dtypes(include=[np.number]).corr()"
   ]
  },
  {
   "cell_type": "markdown",
   "id": "c7a92294",
   "metadata": {},
   "source": [
    "## Positive Correlation r=1\n",
    "- Perfect positive Correlation (r =1)\n",
    "- Highest degree of +ve Correlation (r = High or 0.95)\n",
    "- Low degree of +ve Correlation (r = + low or 0.54)\n"
   ]
  },
  {
   "cell_type": "code",
   "execution_count": 23,
   "id": "ae6a2253",
   "metadata": {},
   "outputs": [
    {
     "name": "stdout",
     "output_type": "stream",
     "text": [
      "correlation between ssc_p and hsc_p are LOW DEGREE CORRELATIONSHIP: 0.5114721015997726\n"
     ]
    }
   ],
   "source": [
    "# positive correlation between ssc_p vs hsc_p and printing the result\n",
    "correlation = df['ssc_p'].corr(df['hsc_p'])\n",
    "print(\"correlation between ssc_p and hsc_p are LOW DEGREE CORRELATIONSHIP:\", correlation)"
   ]
  },
  {
   "cell_type": "markdown",
   "id": "b8e5b341",
   "metadata": {},
   "source": [
    "## Negative Correlation (r = -1)\n",
    "- Perfect positive Correlation (r = -1)\n",
    "- Highest degree of +ve Correlation (r = -low or -0.54)\n",
    "- Low degree of +ve Correlation (r = - high or -0.94)"
   ]
  },
  {
   "cell_type": "code",
   "execution_count": 24,
   "id": "6989a12e",
   "metadata": {},
   "outputs": [
    {
     "name": "stdout",
     "output_type": "stream",
     "text": [
      "correlation between degree_p and salary are HIGHEST DEGREE OF CORRELATIONSHIP: -0.01414817367266129\n"
     ]
    }
   ],
   "source": [
    "# NEGATIVE correlation between degree_p vs salary and printing the result\n",
    "correlation = df['degree_p'].corr(df['salary'])\n",
    "print(\"correlation between degree_p and salary are HIGHEST DEGREE OF CORRELATIONSHIP:\", correlation)"
   ]
  }
 ],
 "metadata": {
  "kernelspec": {
   "display_name": "myevn",
   "language": "python",
   "name": "python3"
  },
  "language_info": {
   "codemirror_mode": {
    "name": "ipython",
    "version": 3
   },
   "file_extension": ".py",
   "mimetype": "text/x-python",
   "name": "python",
   "nbconvert_exporter": "python",
   "pygments_lexer": "ipython3",
   "version": "3.13.3"
  }
 },
 "nbformat": 4,
 "nbformat_minor": 5
}
